% time     seconds  usecs/call     calls    errors syscall
------ ----------- ----------- --------- --------- ----------------
 55.48    0.001226         245         5           write
 15.34    0.000339           7        44           munmap
  4.84    0.000107           2        38         2 ioctl
  4.66    0.000103           1        66           rt_sigaction
  4.21    0.000093           2        34         1 futex
  2.49    0.000055           2        21           rt_sigprocmask
  1.99    0.000044           1        26           close
  1.81    0.000040           1        27           madvise
  1.40    0.000031           5         6         2 epoll_ctl
  1.36    0.000030           0        47           mprotect
  1.27    0.000028           1        23           fstat
  1.18    0.000026           0        28        13 fcntl
  1.04    0.000023           0        25         4 openat
  0.63    0.000014           4         3           readlink
  0.59    0.000013           0        58           mmap
  0.50    0.000011           5         2           stat
  0.50    0.000011           3         3           epoll_pwait
  0.41    0.000009           0        28           read
  0.32    0.000007           3         2           dup3
  0.00    0.000000           0        14           brk
  0.00    0.000000           0         8           pread64
  0.00    0.000000           0         1         1 access
  0.00    0.000000           0        22           getpid
  0.00    0.000000           0         6           clone
  0.00    0.000000           0         1           execve
  0.00    0.000000           0         1           uname
  0.00    0.000000           0         1           getcwd
  0.00    0.000000           0         1           sysinfo
  0.00    0.000000           0        12           getuid
  0.00    0.000000           0        12           getgid
  0.00    0.000000           0        12           geteuid
  0.00    0.000000           0        12           getegid
  0.00    0.000000           0        12           capget
  0.00    0.000000           0         2         1 arch_prctl
  0.00    0.000000           0         3           gettid
  0.00    0.000000           0         1           sched_getaffinity
  0.00    0.000000           0         1           set_tid_address
  0.00    0.000000           0         1           set_robust_list
  0.00    0.000000           0         2           eventfd2
  0.00    0.000000           0         2           epoll_create1
  0.00    0.000000           0         3           pipe2
  0.00    0.000000           0         8           prlimit64
  0.00    0.000000           0         1           getrandom
  0.00    0.000000           0         1         1 pkey_alloc
  0.00    0.000000           0         5           statx
------ ----------- ----------- --------- --------- ----------------
100.00    0.002210                   631        25 total
